01 02 03 04 05 06 07 08 09 10
11 12 13 14 15 16 17 18 19 20
21 22 23 24 25 26 27 28 29 30
31 32 33 34 35 36 37 38 39 40
41 42 43 44 45 46 47 48 49 50
51 52 53 54 55 56 57 58 59 60
61 62 63 64 65 66 67 68 69 70
71 72 73 74 75 76 77 78 79 80
81 82 83 84 85 86 87 88 89 90
91 92 93 94 95 96 97 98 99 100



%%BACKUP BOARD 0 -> 99

Board = #{0 => 0, 1 => 1, 2 => 0, 3 => 1, 4 => 0, 5 => 1, 6 => 0, 7 => 1, 8 => 0, 9 => 1,
  10 => 1, 11 => 0, 12 => 1, 13 => 0, 14 => 1, 15 => 0, 16 => 1, 17 => 0, 18 => 1, 19 => 0,
  20 => 0, 21 => 1, 22 => 0, 23 => 1, 24 => 0, 25 => 1, 26 => 0, 27 => 1, 28 => 0, 29 => 1,
  30 => 1, 31 => 0, 32 => 1, 33 => 0, 34 => 1, 35 => 0, 36 => 1, 37 => 0, 38 => 1, 39 => 0,
  40 => 0, 41 => 0, 42 => 0, 43 => 0, 44 => 0, 45 => 0, 46 => 0, 47 => 0, 48 => 0, 49 => 0,
  50 => 0, 51 => 0, 52 => 0, 53 => 0, 54 => 0, 55 => 0, 56 => 0, 57 => 0, 58 => 0, 59 => 0,
  60 => 0, 61 => 2, 62 => 0, 63 => 2, 64 => 0, 65 => 2, 66 => 0, 67 => 2, 68 => 0, 69 => 2,
  70 => 2, 71 => 0, 72 => 2, 73 => 0, 74 => 2, 75 => 0, 76 => 2, 77 => 0, 78 => 2, 79 => 0,
  80 => 0, 81 => 2, 82 => 0, 83 => 2, 84 => 0, 85 => 2, 86 => 0, 87 => 2, 88 => 0, 89 => 2,
  90 => 2, 91 => 0, 92 => 2, 93 => 0, 94 => 2, 95 => 0, 96 => 2, 97 => 0, 98 => 2, 99 => 0
},





WHITE

  > 10: X - 9; X - 11;
  10n+1: X - 11;
  10n: X-9;

BLACK

  < 91:
    x + 9; x + 11;
  10n+1: X + 11;
  10n: X +9;
